camera_matrix:
- - 4145.695471702502
  - 0.0
  - 2791.102455527605
- - 0.0
  - 4140.5524726056465
  - 2432.19194417719
- - 0.0
  - 0.0
  - 1.0
dist_coeff:
- - 0.1854822491646732
  - -1.8795327785144347
  - 0.002529965691821539
  - 0.005604280200226261
  - 5.575512133351205
